tensor([   91,    27,  9688,  1659,  5239,    29,    91, 11297,  7232,   871,
           25,  1391,     6,  5976,   270,  3256,   705,  1197,  3256,   705,
        28311,  3256,   705,  1069,  9862,  3256,   705, 26875,     6,    92,
          220, 50257, 12744,  7232,   871,    25,  1391,     6, 11274,  3256,
          705, 36410,  3256,   705,  9688,     6,    92,   220, 50258,  1391,
            6,  5305,  1096,  3256,   705,  4098,  3256,   705,    75,  1286,
         3256,   705,  7217,  3256,   705, 19425,     6,    92,    91,    27,
          437,  1659,  5239,    29,    91, 50256, 50256, 50256, 50256, 50256,
        50256, 50256, 50256, 50256, 50256, 50256, 50256, 50256, 50256, 50256,
        50256, 50256, 50256, 50256, 50256, 50256, 50256, 50256, 50256, 50256,
        50256, 50256, 50256, 50256, 50256, 50256, 50256, 50256, 50256, 50256,
        50256, 50256, 50256, 50256, 50256, 50256, 50256, 50256, 50256, 50256,
        50256, 50256, 50256, 50256, 50256, 50256, 50256, 50256, 50256, 50256,
        50256, 50256, 50256, 50256, 50256, 50256, 50256, 50256, 50256, 50256,
        50256, 50256, 50256, 50256, 50256, 50256, 50256, 50256, 50256, 50256,
        50256, 50256, 50256, 50256, 50256, 50256, 50256, 50256, 50256, 50256,
        50256, 50256, 50256, 50256, 50256, 50256, 50256, 50256, 50256, 50256,
        50256, 50256, 50256, 50256, 50256, 50256, 50256, 50256, 50256, 50256,
        50256, 50256, 50256, 50256, 50256, 50256, 50256, 50256, 50256, 50256,
        50256, 50256, 50256, 50256, 50256, 50256, 50256, 50256, 50256, 50256,
        50256, 50256, 50256, 50256, 50256, 50256, 50256, 50256, 50256, 50256,
        50256, 50256, 50256, 50256, 50256, 50256, 50256, 50256, 50256, 50256,
        50256, 50256, 50256, 50256, 50256, 50256, 50256, 50256, 50256, 50256,
        50256, 50256, 50256, 50256, 50256, 50256, 50256, 50256, 50256, 50256,
        50256, 50256, 50256, 50256, 50256, 50256, 50256, 50256, 50256, 50256,
        50256, 50256, 50256, 50256, 50256, 50256])
tensor([1, 1, 1, 1, 1, 1, 1, 1, 1, 1, 1, 1, 1, 1, 1, 1, 1, 1, 1, 1, 1, 1, 1, 1,
        1, 1, 1, 1, 1, 1, 1, 1, 1, 1, 1, 1, 1, 1, 1, 1, 1, 1, 1, 1, 1, 1, 1, 1,
        1, 1, 1, 1, 1, 1, 1, 1, 1, 1, 1, 1, 1, 1, 1, 1, 1, 1, 1, 1, 1, 1, 1, 1,
        1, 1, 1, 0, 0, 0, 0, 0, 0, 0, 0, 0, 0, 0, 0, 0, 0, 0, 0, 0, 0, 0, 0, 0,
        0, 0, 0, 0, 0, 0, 0, 0, 0, 0, 0, 0, 0, 0, 0, 0, 0, 0, 0, 0, 0, 0, 0, 0,
        0, 0, 0, 0, 0, 0, 0, 0, 0, 0, 0, 0, 0, 0, 0, 0, 0, 0, 0, 0, 0, 0, 0, 0,
        0, 0, 0, 0, 0, 0, 0, 0, 0, 0, 0, 0, 0, 0, 0, 0, 0, 0, 0, 0, 0, 0, 0, 0,
        0, 0, 0, 0, 0, 0, 0, 0, 0, 0, 0, 0, 0, 0, 0, 0, 0, 0, 0, 0, 0, 0, 0, 0,
        0, 0, 0, 0, 0, 0, 0, 0, 0, 0, 0, 0, 0, 0, 0, 0, 0, 0, 0, 0, 0, 0, 0, 0,
        0, 0, 0, 0, 0, 0, 0, 0, 0, 0, 0, 0, 0, 0, 0, 0, 0, 0, 0, 0, 0, 0, 0, 0,
        0, 0, 0, 0, 0, 0, 0, 0, 0, 0, 0, 0, 0, 0, 0, 0])
|<startoftext>|Current Entities: {'habit', 'thing', 'try', 'examine', 'figure'} <SEP> Target Entities: {'good', 'feel', 'start'} <GEN> {'realize', 'eat', 'lately', 'fast', 'food'}|<endoftext>|
